image_width: 640
image_height: 480
camera_name: narrow_stereo/left
camera_matrix:
  rows: 3
  cols: 3
  data: [583.680826, 0.000000, 334.122637, 0.000000, 777.039220, 206.826620, 0.000000, 0.000000, 1.000000]
distortion_model: plumb_bob
distortion_coefficients:
  rows: 1
  cols: 5
  data: [-0.103602, 0.444300, -0.000163, -0.002051, 0.000000]
rectification_matrix:
  rows: 3
  cols: 3
  data: [0.999311, -0.011275, -0.035367, 0.011352, 0.999934, 0.001959, 0.035343, -0.002359, 0.999372]
projection_matrix:
  rows: 3
  cols: 4
  data: [873.813922, 0.000000, 362.307217, 0.000000, 0.000000, 873.813922, 218.577562, 0.000000, 0.000000, 0.000000, 1.000000, 0.000000]
